lr: 4e-3

acc: 0.6548536209553159, f1: 0.6553753563888018
