
"lr": 4e-3,

"num_filters": 5,  
"filter_sizes": [2, 3, 4],


acc: 0.6425269645608629, f1: 0.6404753883267584
