lr:4e-3

data_preprocess 去除一部分，留一部分

acc: 0.6101694915254238, f1: 0.6083388127322695
